structure(list(team.1 = c(1251L, 1292L, 1241L, 1129L, 1112L, 
1137L, 1143L, 1161L, 1211L, 1217L, 1257L, 1172L, 1272L, 1276L, 
1277L, 1329L, 1308L, 1285L, 1103L, 1338L, 1153L, 1107L, 1195L, 
1196L, 1160L, 1231L, 1235L, 1242L, 1243L, 1274L, 1278L, 1279L, 
1314L, 1233L, 1328L, 1301L, 1112L, 1161L, 1139L, 1276L, 1272L, 
1332L, 1143L, 1211L, 1166L, 1195L, 1196L, 1231L, 1242L, 1247L, 
1228L, 1235L, 1266L, 1112L, 1231L, 1247L, 1181L, 1195L, 1257L, 
1242L, 1266L, 1326L, 1181L, 1196L, 1257L, 1276L, 1257L), team.2 = c(1299L, 
1388L, 1254L, 1247L, 1125L, 1139L, 1424L, 1281L, 1380L, 1307L, 
1299L, 1266L, 1388L, 1355L, 1434L, 1332L, 1387L, 1393L, 1433L, 
1455L, 1166L, 1181L, 1207L, 1322L, 1228L, 1241L, 1323L, 1443L, 
1247L, 1334L, 1417L, 1458L, 1437L, 1326L, 1361L, 1396L, 1217L, 
1257L, 1266L, 1433L, 1277L, 1387L, 1393L, 1455L, 1181L, 1361L, 
1278L, 1396L, 1314L, 1279L, 1274L, 1326L, 1274L, 1326L, 1393L, 
1455L, 1277L, 1196L, 1332L, 1276L, 1393L, 1455L, 1257L, 1276L, 
1455L, 1393L, 1276L), score.diff = c(-1L, -13L, 13L, -9L, 17L, 
-12L, 3L, 12L, 6L, 6L, 31L, -1L, 2L, 15L, 11L, -13L, -20L, -47L, 
-46L, -18L, -4L, -12L, 10L, 32L, -8L, 21L, 18L, 7L, -2L, 29L, 
20L, 11L, 7L, -25L, -15L, -4L, 23L, -26L, -2L, 25L, -22L, 17L, 
-6L, -6L, -16L, 10L, 14L, 6L, 12L, 2L, -4L, -3L, 10L, -3L, -11L, 
-14L, 10L, -12L, 8L, -2L, -16L, -4L, -22L, -20L, 4L, 5L, 6L), 
    team.1.loc = structure(c(1L, 1L, 1L, 1L, 1L, 1L, 1L, 1L, 
    1L, 1L, 1L, 1L, 1L, 1L, 1L, 1L, 1L, 1L, 1L, 1L, 1L, 1L, 1L, 
    1L, 1L, 1L, 1L, 1L, 1L, 1L, 1L, 1L, 1L, 1L, 1L, 1L, 1L, 1L, 
    1L, 1L, 1L, 1L, 1L, 1L, 1L, 1L, 1L, 1L, 1L, 1L, 1L, 1L, 1L, 
    1L, 1L, 1L, 1L, 1L, 1L, 1L, 1L, 1L, 1L, 1L, 1L, 1L, 1L), .Label = "N", class = "factor"), 
    team.1.seed.rank = c(16, 11, 16, 13, 6, 11, 12, 8, 1, 14, 
    1, 14, 6, 4, 3, 5, 13, 13, 12, 8, 10, 15, 15, 3, 10, 1, 10, 
    1, 4, 2, 11, 12, 8, 15, 10, 8, 6, 8, 6, 4, 6, 12, 12, 1, 
    7, 15, 3, 1, 1, 13, 7, 10, 3, 6, 1, 13, 2, 15, 1, 1, 3, 2, 
    2, 3, 1, 4, 1), team.1.area = c("Y", "Y", "W", "Z", "Z", 
    "W", "W", "Y", "Z", "Z", "Y", "W", "Y", "X", "Y", "Y", "Y", 
    "W", "X", "Z", "Y", "Y", "X", "X", "W", "W", "Z", "X", "Z", 
    "W", "X", "Z", "X", "Z", "X", "W", "Z", "Y", "W", "X", "Y", 
    "Y", "W", "Z", "Y", "X", "X", "W", "X", "Z", "W", "Z", "W", 
    "Z", "W", "Z", "Y", "X", "Y", "X", "W", "Z", "Y", "X", "Y", 
    "X", "Y"), team.2.seed.rank = c(16, 11, 16, 13, 11, 6, 5, 
    9, 16, 3, 16, 3, 11, 13, 14, 12, 4, 4, 5, 9, 7, 2, 2, 14, 
    7, 16, 7, 16, 13, 15, 6, 5, 9, 2, 7, 9, 14, 1, 3, 5, 3, 4, 
    4, 9, 2, 7, 11, 9, 8, 12, 2, 2, 2, 2, 4, 9, 3, 3, 12, 4, 
    4, 9, 1, 4, 9, 4, 4), team.2.area = c("Y", "Y", "W", "Z", 
    "Z", "W", "W", "Y", "Z", "Z", "Y", "W", "Y", "X", "Y", "Y", 
    "Y", "W", "X", "Z", "Y", "Y", "X", "X", "W", "W", "Z", "X", 
    "Z", "W", "X", "Z", "X", "Z", "X", "W", "Z", "Y", "W", "X", 
    "Y", "Y", "W", "Z", "Y", "X", "X", "W", "X", "Z", "W", "Z", 
    "W", "Z", "W", "Z", "Y", "X", "Y", "X", "W", "Z", "Y", "X", 
    "Z", "W", "X"), diff.ave.score = c(7.28676470588235, -4.02462121212122, 
    -13.7540106951872, -1.05172413793103, -3.96458333333334, 
    -3.57859848484848, -1.73802541544477, -4.64711632453567, 
    7.87715517241379, 2.64379084967321, 7.08823529411764, 3.76612903225806, 
    0.0110294117647101, 0.805443548387103, -4.4375, 0.0716911764705941, 
    0.27272727272728, -0.742857142857147, -5.63092979127134, 
    0.246323529411768, -7.60338680926917, -12.2573529411765, 
    9.64516129032258, -8.25925925925925, -1.43655303030303, 11.1479500891266, 
    9.22549019607844, 4.8235294117647, -4.31818181818181, 0.890151515151516, 
    -4.92463235294117, 11.2058823529412, 8.4280303030303, 10.9090909090909, 
    3.56236559139785, 4.80330882352941, 3.41319444444444, 0.146110056926005, 
    0.000977517106548476, -3.11580882352941, 7.88602941176471, 
    3.81372549019608, -2.42027649769585, 6.24632352941177, -2.78676470588235, 
    5.43333333333334, 0.385416666666671, 6.18655303030303, -3.62655971479501, 
    -4.14705882352941, 1.51515151515152, 11.1818181818182, -0.0312805474095796, 
    3.48390151515152, 7.28744588744588, 4.55882352941177, 10.9375, 
    3.33333333333333, 0.029411764705884, 0.64522058823529, -2.25898617511521, 
    0.543672014260252, 5.69852941176471, -3.36458333333333, 3.23529411764706, 
    2.28839285714285, -1.85477941176471), diff.ave.fgm = c(3.07352941176471, 
    -0.954545454545453, -5.33868092691622, -1.42298850574713, 
    -1.72708333333333, -0.724431818181817, 0.0518084066471154, 
    -3.52297165200391, 3.95474137931035, 1.97494553376906, 3.52941176470588, 
    0.442540322580644, 0.676470588235293, 1.65120967741936, 0.03125, 
    -1.16911764705882, 1.15151515151515, -0.955665024630544, 
    -2.30550284629981, 0.827205882352942, -2.9331550802139, -4.27389705882353, 
    4.12600806451613, -2.2962962962963, -0.0918560606060623, 
    3.45989304812834, 1.77896613190731, 2.05882352941176, -1.21818181818182, 
    1.45265151515152, -3.89889705882353, 2.97058823529412, 6.9592803030303, 
    2.96969696969697, 1.14086021505376, 2.56066176470588, 1.31365740740741, 
    -0.834914611005694, -0.0205278592375393, -0.363970588235293, 
    2.42647058823529, 2.59714795008913, -0.359447004608295, 2.70220588235294, 
    -0.450367647058822, 2.46041666666667, 1.61458333333333, 2.16761363636364, 
    -2.24420677361854, -0.913725490196079, -0.454545454545453, 
    2.66666666666667, -0.67644183773216, 0.0880681818181834, 
    1.92207792207792, 1.99803921568628, 2.90625, 0.760416666666668, 
    -0.588235294117645, -0.753676470588236, -0.875576036866359, 
    1.08288770053476, 1.95036764705882, -1.47916666666667, 0.97058823529412, 
    2.09821428571428, -2.10661764705882), diff.ave.fga = c(3.76470588235294, 
    -1.10700757575758, -3.19162210338681, -2.45747126436782, 
    0.345833333333331, -0.205492424242422, -1.02737047898339, 
    -5.45259042033236, 1.83728448275862, -1.81372549019608, 6.38235294117647, 
    -0.43346774193548, 2.61580882352941, 2.51612903225806, 2.1875, 
    -1.39705882352941, 1.81818181818182, -5.81970443349754, -5.22770398481973, 
    -1.84926470588236, 3.39572192513369, -4.91911764705883, 7.12298387096774, 
    -6.84511784511785, -1.89015151515152, 2.61586452762923, 4.47326203208556, 
    1.94117647058823, 0.478787878787877, 2.88636363636363, -6.83088235294117, 
    6.05882352941177, 10.7433712121212, 6.81818181818182, 3.33010752688172, 
    0.886029411764703, 4.97916666666666, -3.0853889943074, 0.553274682306942, 
    -3.64705882352941, 5.02205882352941, 6.4349376114082, -1.82304147465438, 
    0.994485294117645, -2.56617647058823, 3.42083333333333, 0.594696969696969, 
    0.00189393939393767, -8.00623885918004, -4.94313725490196, 
    1.87878787878788, 5.06060606060606, -0.765395894428153, 1.28219696969697, 
    -1.43203463203464, 1.82156862745098, 3.5, 3.21780303030303, 
    0.470588235294116, -1.79411764705883, -4.50046082949309, 
    0.118538324420676, -1.49264705882353, -3.03030303030303, 
    3.20588235294117, -0.371428571428574, 0.117647058823529),