structure(list(team.1 = c(1140L, 1290L, 1143L, 1249L, 1124L, 
1160L, 1211L, 1231L, 1163L, 1243L, 1246L, 1172L, 1140L, 1161L, 
1253L, 1259L, 1393L, 1433L, 1217L, 1285L, 1153L, 1104L, 1196L, 
1199L, 1125L, 1178L, 1181L, 1254L, 1301L, 1281L, 1314L, 1276L, 
1345L, 1378L, 1272L, 1323L, 1124L, 1231L, 1235L, 1257L, 1266L, 
1211L, 1243L, 1435L, 1153L, 1196L, 1242L, 1277L, 1207L, 1166L, 
1325L, 1250L, 1196L, 1257L, 1153L, 1393L, 1124L, 1242L, 1231L, 
1314L, 1196L, 1326L, 1242L, 1124L, 1242L, 1246L, 1242L), team.2 = c(1233L, 
1443L, 1378L, 1436L, 1355L, 1424L, 1452L, 1308L, 1235L, 1379L, 
1443L, 1257L, 1266L, 1293L, 1307L, 1326L, 1421L, 1455L, 1435L, 
1458L, 1400L, 1166L, 1438L, 1382L, 1207L, 1242L, 1250L, 1277L, 
1361L, 1313L, 1436L, 1325L, 1388L, 1396L, 1387L, 1462L, 1160L, 
1433L, 1246L, 1307L, 1293L, 1326L, 1393L, 1458L, 1199L, 1313L, 
1345L, 1387L, 1301L, 1314L, 1378L, 1462L, 1266L, 1277L, 1326L, 
1458L, 1462L, 1301L, 1246L, 1325L, 1257L, 1393L, 1314L, 1246L, 
1326L, 1257L, 1246L), score.diff = c(6L, -1L, -11L, -12L, 8L, 
4L, 23L, 13L, -13L, 6L, 15L, -7L, -20L, -17L, -7L, -19L, 7L, 
3L, -9L, -24L, 6L, -1L, 26L, 3L, -15L, -15L, -5L, -22L, 14L, 
-2L, 19L, -5L, 3L, 14L, -7L, -4L, 17L, 2L, -16L, 3L, 9L, -7L, 
-16L, -3L, 6L, 34L, 3L, 4L, -3L, -14L, 6L, -12L, 10L, 13L, -15L, 
1L, 5L, 3L, -12L, 8L, -4L, 7L, 13L, -12L, 2L, 8L, -8L), team.1.loc = structure(c(1L, 
1L, 1L, 1L, 1L, 1L, 1L, 1L, 1L, 1L, 1L, 1L, 1L, 1L, 1L, 1L, 1L, 
1L, 1L, 1L, 1L, 1L, 1L, 1L, 1L, 1L, 1L, 1L, 1L, 1L, 1L, 1L, 1L, 
1L, 1L, 1L, 1L, 1L, 1L, 1L, 1L, 1L, 1L, 1L, 1L, 1L, 1L, 1L, 1L, 
1L, 1L, 1L, 1L, 1L, 1L, 1L, 1L, 1L, 1L, 1L, 1L, 1L, 1L, 1L, 1L, 
1L, 1L), .Label = "N", class = "factor"), team.1.seed.rank = c(14, 
16, 12, 16, 3, 11, 7, 4, 9, 8, 1, 13, 14, 11, 12, 15, 1, 12, 
12, 13, 6, 9, 7, 3, 14, 15, 2, 16, 11, 2, 1, 4, 10, 12, 8, 7, 
3, 4, 8, 4, 3, 7, 8, 5, 6, 7, 2, 1, 3, 8, 13, 15, 7, 4, 6, 1, 
3, 2, 4, 1, 7, 2, 2, 3, 2, 1, 2), team.1.area = c("Z", "Y", "X", 
"X", "Y", "Y", "W", "Y", "Y", "W", "Y", "Z", "Z", "Z", "Z", "W", 
"W", "Y", "W", "W", "W", "X", "Z", "W", "X", "X", "Y", "Z", "X", 
"Z", "X", "X", "X", "X", "Z", "Y", "Y", "Y", "Y", "Z", "Z", "W", 
"W", "W", "W", "Z", "X", "Z", "X", "X", "X", "Y", "Z", "Z", "W", 
"W", "Y", "X", "Y", "X", "Z", "W", "X", "Y", "X", "Y", "X"), 
    team.2.seed.rank = c(14, 16, 12, 16, 14, 6, 10, 13, 8, 9, 
    16, 4, 3, 6, 5, 2, 16, 5, 5, 4, 11, 8, 10, 14, 3, 2, 15, 
    1, 6, 15, 16, 13, 7, 5, 9, 10, 11, 12, 1, 5, 6, 2, 1, 4, 
    3, 15, 10, 9, 11, 1, 12, 10, 3, 1, 2, 4, 10, 11, 1, 13, 4, 
    1, 1, 1, 2, 4, 1), team.2.area = c("Z", "Y", "X", "X", "Y", 
    "Y", "W", "Y", "Y", "W", "Y", "Z", "Z", "Z", "Z", "W", "W", 
    "Y", "W", "W", "W", "X", "Z", "W", "X", "X", "Y", "Z", "X", 
    "Z", "X", "X", "X", "X", "Z", "Y", "Y", "Y", "Y", "Z", "Z", 
    "W", "W", "W", "W", "Z", "X", "Z", "X", "X", "X", "Y", "Z", 
    "Z", "W", "W", "Y", "X", "Y", "X", "Z", "W", "X", "Y", "W", 
    "Z", "Y"), diff.ave.score = c(-3.19959677419355, 5.03030303030303, 
    11.0729166666667, 6.99448529411765, -2.70170454545455, -7.71875, 
    0.39314516129032, 0.212121212121218, -3.53409090909091, 1.16129032258064, 
    6.1541889483066, 8.83502304147466, 3.30040322580645, 1.7073732718894, 
    1.07963709677419, -5.25, -6.56060606060606, -8.13282732447819, 
    -8.9604462474645, 7.35318704284221, -5.4126559714795, -14.2301136363636, 
    14.3851417399805, -0.84457478005865, 11.8121212121212, -2.48484848484848, 
    2.08806818181819, 11.7700534759358, 4.66413662239088, 8.10661764705883, 
    13.9705882352941, -1.76136363636364, -0.00606060606060055, 
    -14.3739919354839, 6.03984819734346, -3.51515151515152, 6.01704545454545, 
    9.83957219251337, -1.28676470588235, -3.49732142857142, 3.95535714285714, 
    -0.41935483870968, -1.32649071358749, 8.96880570409982, -2.47326203208556, 
    5.84280303030303, 0.272727272727266, 2.86337760910816, -5.73725490196078, 
    -1.74598930481282, 8.04261363636364, 2.76041666666667, 0.717803030303031, 
    -2.44033613445377, -5.38235294117646, 8.87878787878788, 2.12121212121212, 
    -0.137254901960787, 2.6336898395722, 11.7459893048128, 8.05887445887446, 
    1.06060606060606, -7.04901960784314, -0.457219251336895, 
    0.333333333333329, 5.94033613445377, -0.578431372549019), 
    diff.ave.fgm = c(-3.56048387096774, 2.27272727272727, 5.07859848484848, 
    2.86580882352941, -0.764204545454547, -3.53125, -1.15927419354839, 
    -0.818181818181817, -0.126893939393938, 1.29032258064516, 
    3.69251336898396, 2.97972350230415, 0.97076612903226, 0.963133640552993, 
    1.11189516129032, -4.3125, 0.400000000000002, -3.59867172675522, 
    -3.10547667342799, 2.35005224660397, 0.947415329768269, -4.98106060606061, 
    4.19843597262952, 0.350928641251222, 4.02424242424243, -1.15151515151515, 
    0.821969696969695, 3.20677361853832, 1.46015180265654, 3.36948529411765, 
    6.58823529411765, 0.109848484848484, 0.748484848484846, -5.20665322580645, 
    2.51612903225806, -1.15151515151515, 2.39204545454545, 2.69251336898396, 
    -0.959558823529413, -1.12589285714286, 2.37946428571428, 
    -2.09677419354839, -2.40860215053764, 2.80035650623886, 0.674688057040996, 
    2.20549242424243, -0.303030303030301, 1.33965844402277, -2.51176470588235, 
    -1.83511586452763, 2.10890151515152, 0.147727272727273, 0.330492424242426, 
    -1.48067226890756, -2.26470588235294, 4.87878787878788, 0.727272727272727, 
    -0.366310160427805, -0.601604278074866, 5.92602495543672, 
    3.08138528138528, 0.333333333333332, -3.89572192513369, -0.69251336898396, 
    -1.45454545454545, 2.80420168067227, -0.601604278074866), 
    diff.ave.fga = c(-4.57560483870968, 4.18181818181818, 4.79734848484848, 
    4.45955882352941, -0.834280303030305, -6.65625, -2.38911290322581, 
    -1.75757575757576, 0.948863636363633, 0.12903225806452, 2.80837789661319, 
    1.35668202764977, 0.64314516129032, -0.634792626728114, 2.56149193548387, 
    -4.61213235294117, 4.12727272727273, -0.52656546489564, -7.35699797160244, 
    1.34064785788924, 2.8680926916221, -2.68560606060606, 7.72140762463344, 
    1.39198435972629, 5.48181818181818, -1.63636363636363, -0.0350378787878753, 
    6.59536541889483, 1.88235294117647, 0.6875, 12.6176470588235, 
    -3.90719696969697, 1.16666666666666, -8.37701612903226, 2.70208728652752, 
    -2.90909090909091, 2.9469696969697, -1.4108734402852, -1.6360294117647, 
    3.10803571428571, 5.04464285714285, -2.65749525616698, -4.08211143695014, 
    3.55971479500892, 3.92869875222816, 2.50568181818182, -0.545454545454547, 
    0.937381404174573, -4.84901960784314, -9.90998217468805, 
    5.28219696969697, 0.459280303030305, -0.11931818181818, 3.8672268907563, 
    1.14705882352941, 7.75757575757576, -1, -2.42780748663102, 
    -2.29322638146167, 10.0008912655971, 0.303896103896108, -2.52139037433155, 
    -10.5160427807487, -1.62655971479501, -1.75133689839572, 
    -0.19075630252101, -1.86898395721925),