structure(list(team = 1101:1464, ave.score = c(78.9523809523809, 
72.6071428571429, 72.3030303030303, 72.2903225806452, 71.0357142857143, 
75.8928571428571, 70.28125, 71.5357142857143, NaN, 66.84375, 
74.1538461538462, 73.5294117647059, 79.65625, 77.6333333333333, 
74, 83.1875, 80.9333333333333, NaN, 78.0666666666667, 78.3666666666667, 
NaN, 82.4642857142857, 75.4642857142857, 77.030303030303, 82.90625, 
72.5, 73.5333333333333, NaN, 77.5625, 76.258064516129, 75.0294117647059, 
67.4193548387097, 71, NaN, 73.2222222222222, 78.0322580645161, 
69.3, 76.25, 73, 87.2121212121212, 77.5172413793103, 68.6666666666667, 
77.53125, 74.7857142857143, 80.96875, 84.4074074074074, NaN, 
78.8275862068966, 81.1481481481482, 76.6129032258064, 80.3793103448276, 
79.3666666666667, 70.4242424242424, 76.8620689655172, 66.90625, 
74.7666666666667, 74.2, 68.8064516129032, 73.9333333333333, 75.4705882352941, 
76.2666666666667, 70.9, 74.3235294117647, 78.4516129032258, 79.3703703703704, 
81.2424242424242, 72.4193548387097, 74.8387096774194, 80.5151515151515, 
75.9285714285714, 73.2692307692308, 83.0967741935484, 75.969696969697, 
81.5882352941177, 68.5, 70.5333333333333, 79.0909090909091, 75.6666666666667, 
73.5, 72.2666666666667, 80.4411764705882, 78.7, 77.0714285714286, 
80.2903225806452, 68.46875, 82.5862068965517, 76.1379310344828, 
79.2758620689655, 77, 80.84375, 76.3870967741936, 78.7586206896552, 
71.375, 72.5666666666667, 76.4375, 70.9411764705882, 76.1333333333333, 
75.3928571428571, 74.09375, 81.741935483871, 77.7741935483871, 
75.7777777777778, 76.40625, 75.5806451612903, 76.2666666666667, 
74.4516129032258, 75.5161290322581, 74.1875, 79.3225806451613, 
72.2121212121212, 77.0606060606061, 82, 76.5, 77.0666666666667, 
NaN, 72.030303030303, 74.6551724137931, 80.7586206896552, 76.1428571428571, 
76.030303030303, 71.1875, 78.8181818181818, 78.551724137931, 
73.6774193548387, 77.1212121212121, 74, 74.8965517241379, 69.2121212121212, 
75.0333333333333, 80.4, 76.0625, 73.4838709677419, 86.28125, 
84.03125, 85.2424242424242, 76.6451612903226, 76.8965517241379, 
71.5806451612903, 83.2142857142857, 73.0689655172414, 70.7741935483871, 
81.3030303030303, 73.84375, 76.6206896551724, 73.0322580645161, 
77.6764705882353, 73.5483870967742, 78.9666666666667, 78.4666666666667, 
71.9375, 74.9655172413793, 81.551724137931, 75.1666666666667, 
81.0344827586207, 82.7857142857143, 82.4545454545455, 83.0294117647059, 
79.741935483871, 73.8620689655172, 71.4193548387097, 79, 72.962962962963, 
84.8214285714286, 78.59375, 76.1290322580645, 76.5, 75.6451612903226, 
74.65625, 77.78125, 78.5172413793103, 77.6428571428571, 80.3870967741936, 
79.8064516129032, 65.4242424242424, 72.7333333333333, 76.7272727272727, 
77.4705882352941, 75.28125, 78.8484848484848, 75.8181818181818, 
76.0909090909091, 79.3103448275862, 74.3548387096774, 76.71875, 
73.9285714285714, 72.9655172413793, 79.7096774193548, 77.6774193548387, 
NaN, 82.7931034482759, 82.8125, 71.7741935483871, 80.2592592592593, 
77, 77.0357142857143, 66.5161290322581, 76.9, 68.8620689655172, 
74.741935483871, 73.741935483871, 75.5, NaN, 83.8148148148148, 
71.6774193548387, 77.09375, 66.5172413793103, 76.030303030303, 
78.7941176470588, 82.6666666666667, 83.3636363636364, 76.6428571428571, 
75.96, 73.6333333333333, 78.375, 79.6774193548387, 77.7666666666667, 
76.4666666666667, 71.53125, 73.6129032258064, 76.5, 67.9393939393939, 
90.7586206896552, 76.09375, 81.1612903225806, 74.3333333333333, 
71.3823529411765, NaN, 84.03125, 82.5151515151515, 70.0606060606061, 
75.9354838709677, 83.75, 80, 79.2758620689655, 77.3571428571429, 
76.34375, 76.6666666666667, 73.7941176470588, 78.8387096774194, 
76.8275862068966, 79.6363636363636, 78.4333333333333, 73, 76.3823529411765, 
77.15625, 83.4193548387097, 81.2, 73.1935483870968, 70.7142857142857, 
71.5757575757576, 80.9677419354839, 76.5588235294118, 78.84375, 
74.8571428571429, 76.75, 70.75, 78.3225806451613, 77.9354838709677, 
80.6666666666667, 70.3666666666667, 69.4838709677419, 78.1, 73.6206896551724, 
73.8571428571429, 75.6129032258064, 69.5, 75.7096774193548, 76.3214285714286, 
84.6666666666667, 76.0714285714286, 75.1176470588235, 76.4193548387097, 
75.375, 73.5625, 74.75, 75.9411764705882, 75.0740740740741, 73.46875, 
73.8064516129032, 73.0344827586207, 74.9642857142857, 76.8787878787879, 
72.4838709677419, 71.9354838709677, 75.25, 74.5151515151515, 
71.258064516129, 75.53125, 68.6774193548387, 77.3333333333333, 
73.4838709677419, 74.4375, 69.28125, 72.9333333333333, 75.3333333333333, 
81.1290322580645, 73.34375, 76.0344827586207, 76.9354838709677, 
77.9393939393939, 71, 69.1034482758621, 74.625, 84.3793103448276, 
81.53125, 76.3125, 74.0344827586207, 73.84375, 76.3030303030303, 
73.2903225806452, 79.1875, 76.1724137931034, 80.2413793103448, 
72.5625, 74.0344827586207, 79.5862068965517, 83.8823529411765, 
83.7096774193548, 72.7307692307692, 74.551724137931, 82.8620689655172, 
77.7586206896552, 72.1333333333333, 74.6060606060606, 79.258064516129, 
81.8, 80.4074074074074, 74.8666666666667, 73.9354838709677, 71.0344827586207, 
72.0322580645161, NaN, 76.7058823529412, 75.1666666666667, 69.4838709677419, 
74.0333333333333, 80.59375, 67.7352941176471, 71, 88.7037037037037, 
77.8387096774194, 67.1851851851852, 71.8387096774194, 75.3870967741936, 
NaN, NaN, 75.7666666666667, 77.0909090909091, 80.25, 71.7666666666667, 
75.7142857142857, 82.40625, 75.5925925925926, 76.1818181818182, 
74.9393939393939, 78.0645161290323, 77.5333333333333, 75.0606060606061, 
70.4827586206897, 69.5625, 67.6333333333333, 76, 71.5925925925926, 
79.5172413793103),