structure(list(team = 1101:1464, ave.score = c(74.8928571428571, 
71.5172413793103, 70.2352941176471, 70.1935483870968, 71.2857142857143, 
75.1851851851852, 67.8125, 76.0333333333333, NaN, 62.7272727272727, 
73.2068965517241, 76.7058823529412, 74.03125, 74.2333333333333, 
70.75, 80.2647058823529, 72.3214285714286, NaN, 76.8275862068966, 
75.4411764705882, NaN, 75, 71.8620689655172, 71.09375, 76.8064516129032, 
64.8666666666667, 68.5666666666667, NaN, 71.8709677419355, 71.71875, 
73.8275862068966, 69, 64.21875, NaN, 73.3103448275862, 71.7096774193548, 
72.875, 77.21875, 72.1875, 83.53125, 77.8214285714286, 65.1481481481482, 
73.6969696969697, 70.4827586206897, 67.8, 82.3793103448276, NaN, 
71.0645161290323, 77.4444444444444, 77.21875, 74.6666666666667, 
68.6896551724138, 64.84375, 71.8148148148148, 67.8064516129032, 
68.1666666666667, 73.3448275862069, 67.6060606060606, 69.28125, 
74.8125, 73.3125, 67.5555555555556, 67.2058823529412, 85.6, 66.4137931034483, 
72.0909090909091, 65.7, 72.9310344827586, 73.258064516129, 74.3793103448276, 
67.4642857142857, 82.0666666666667, 70.1212121212121, 74, 76.6666666666667, 
68.4666666666667, 77.5625, 75.6129032258064, 69.9, 67.9655172413793, 
81.8787878787879, 79.5, 68.2758620689655, 71.8571428571429, 73.0333333333333, 
81.5483870967742, 70.0967741935484, 72.8461538461538, 73.9032258064516, 
75.1071428571429, 71.0333333333333, 74.8571428571429, 67.9354838709677, 
70.8148148148148, 72, 67.3939393939394, 73.4137931034483, 69.4838709677419, 
71.5151515151515, 72.6333333333333, 69.5666666666667, 72.3225806451613, 
71.3636363636364, 67.5, 78.9666666666667, 71.4333333333333, 73.258064516129, 
70.96875, 73.09375, 68.3870967741936, 78.3939393939394, 73.7777777777778, 
73.6551724137931, 73.3030303030303, NaN, 67.0344827586207, 66.5925925925926, 
75.1818181818182, 75.3214285714286, 81.5454545454545, 71.0344827586207, 
70.21875, 79.3333333333333, 66.551724137931, 80.5714285714286, 
71.3214285714286, 72.8125, 73.6875, 70.15625, 82.0833333333333, 
81.2121212121212, 72.2333333333333, 81.5294117647059, 73.28125, 
79.969696969697, 73.5555555555556, 68.5806451612903, 68.84375, 
76.1034482758621, 71.5862068965517, 73.3125, 73.5882352941177, 
68.03125, 75.9, 68.5483870967742, 74.9117647058823, 66.7878787878788, 
78.5806451612903, 76.8846153846154, 70.8275862068966, 72.75, 
79.5, 72.3548387096774, 73.9, 75.59375, 75.21875, 71.28125, 72.4, 
68.3666666666667, 66.7333333333333, 75.5, 69.8214285714286, 75.2333333333333, 
73.40625, 69.78125, 71.96875, 75.5666666666667, 71.9393939393939, 
74.53125, 75.3333333333333, 73.21875, 72.5625, 70, 71.969696969697, 
73.258064516129, 69.1935483870968, 74, 76.625, 74.5625, 68.1612903225806, 
70.4516129032258, 70.9677419354839, 68.1034482758621, 68.6666666666667, 
74, 75, 73.3125, 72.258064516129, NaN, 81.40625, 70.3333333333333, 
68.1470588235294, 80.3, 79.25, 68.2, 70.551724137931, 76.6071428571429, 
68.5483870967742, 68.9666666666667, 68.0344827586207, 73.8787878787879, 
NaN, 82.6785714285714, 67.741935483871, 69.3448275862069, 67.9655172413793, 
66, 70.258064516129, 77, 73.6333333333333, 76.0769230769231, 
73.16, 74.3870967741936, 80.5142857142857, 76.8571428571429, 
77.7096774193548, 71.9655172413793, 71.5882352941177, 72.34375, 
66.0606060606061, 70.03125, 90.7407407407407, 80.1764705882353, 
80.1, 76.5666666666667, 78.2424242424242, NaN, 74.15625, 71.1, 
67.8064516129032, 73.1666666666667, 79.030303030303, 66.1, 71.1785714285714, 
69.9285714285714, 70.7941176470588, 67.1333333333333, 71.40625, 
75, 77.5925925925926, 75.0625, 72.4285714285714, 72.6551724137931, 
73.8181818181818, 73.5454545454545, 72.6666666666667, 73.8620689655172, 
68.1, 69.3448275862069, 67.40625, 69.3125, 74.5454545454545, 
69.53125, 69.3548387096774, 74.6774193548387, 65.65625, 78.2903225806452, 
72.2068965517241, 75.3225806451613, 68.8666666666667, 63.2727272727273, 
75.5483870967742, 70.6785714285714, 71.0666666666667, 71.0333333333333, 
69.0344827586207, 72.0333333333333, 75.7096774193548, 74.5, 70.0689655172414, 
74.4193548387097, 80.4333333333333, 76.6129032258064, 70.96875, 
76.2903225806452, 69.6875, 74.4516129032258, 71.2258064516129, 
70.4444444444444, 68.65625, 76.8214285714286, 71.2258064516129, 
70.6363636363636, 68.1333333333333, 75.4838709677419, 67.8064516129032, 
68.741935483871, 72.2413793103448, 65.4705882352941, 76.03125, 
75.7142857142857, 68.3125, 71.6129032258064, 69.7, 73.0909090909091, 
68.8484848484848, 68.5625, 69.1724137931034, 75.7142857142857, 
71.3333333333333, 70, 65.4642857142857, 70.71875, 72.1785714285714, 
78.2727272727273, 68.4516129032258, 71.5185185185185, 69, 68, 
71, 73.4411764705882, 72.4848484848485, 73, 69.9354838709677, 
70.4827586206897, 74.5172413793103, 77.3636363636364, 78.5, 65.4137931034483, 
68.5, 76.9285714285714, 75.4333333333333, 74.4333333333333, 70.9375, 
74.34375, 77, 75.4285714285714, 73.741935483871, 69.8, 68.6785714285714, 
71.3125, NaN, 75.2857142857143, 70.0666666666667, 71.5806451612903, 
68.0666666666667, 77, 65.71875, 73.1212121212121, 87.1071428571429, 
75.6666666666667, 72.8076923076923, 73.3, 74.5483870967742, NaN, 
NaN, 77.4137931034483, 76.90625, 73.9032258064516, 79.8709677419355, 
71.4642857142857, 77.5625, 70.5333333333333, 74.5714285714286, 
69.4193548387097, 75.8, 75.2068965517241, 72.5, 68.8125, 71.1379310344828, 
64.71875, 76.2647058823529, 67.9666666666667, 78.7931034482759
),