structure(list(team = 1101:1464, ave.score = c(NaN, 70.5, 74.1176470588235, 
70.03125, 70.64, 70.21875, 69.1875, 81.5, NaN, 69.8709677419355, 
77.4827586206897, 78.8823529411765, 70.8064516129032, 72.1212121212121, 
73.5483870967742, 75.4838709677419, 71.7333333333333, NaN, 75.4137931034483, 
69.2666666666667, NaN, 74.8709677419355, 71.9666666666667, 74.2333333333333, 
81.1764705882353, 71.3793103448276, 71.0645161290323, NaN, 76.7741935483871, 
75.84375, 68.9117647058823, 70.875, 71.0967741935484, NaN, 77.8518518518518, 
77.6896551724138, 73.0909090909091, 73.9333333333333, 74.9032258064516, 
82.8484848484848, 66.9666666666667, 64.1724137931034, 77.6774193548387, 
71.6666666666667, 73.4333333333333, 80.3461538461538, 81.5, 73.1612903225806, 
74.0357142857143, 73.5, 78.6666666666667, 88.7586206896552, 72.1515151515152, 
74, 70.09375, 73.0625, 75.6551724137931, 78.7352941176471, 77.3666666666667, 
82.969696969697, 74.6666666666667, 76.3333333333333, 75.5714285714286, 
77.8148148148148, 73.6071428571429, 69.7878787878788, 79.6428571428571, 
77.8, 76.2, 71.8076923076923, 72.75, 74.7666666666667, 70.6, 
69.8064516129032, 68.8928571428571, 66.7, 79.1935483870968, 78.59375, 
73.2903225806452, 67.3870967741936, 82.1764705882353, 79.0689655172414, 
67.8148148148148, 70.0689655172414, 67.9285714285714, 73.7857142857143, 
72.8333333333333, 81.76, 79.8928571428571, 71.53125, 72.2758620689655, 
74.0344827586207, 67.3548387096774, 71.1724137931034, 76.3333333333333, 
73.3030303030303, 71.25, 78.3214285714286, 72.3870967741936, 
76.2857142857143, 74.2666666666667, 72.9333333333333, 70.4193548387097, 
75.7241379310345, 70.1, 75.0625, 74.4838709677419, 71.3125, 67.4516129032258, 
74.2258064516129, 78.46875, 71.2121212121212, NaN, 68.4193548387097, 
NaN, 67.258064516129, 73.6296296296296, 73.8275862068966, 74.551724137931, 
75.3870967741936, 72.2758620689655, 73.3571428571429, 79.7931034482759, 
71.0666666666667, 71.9333333333333, 74.7407407407407, 71.2666666666667, 
74.03125, 66.8064516129032, NaN, 76.125, 70.375, 80.3939393939394, 
74.1612903225806, 80.15625, 79.3103448275862, 75.4193548387097, 
70.7, 71.0344827586207, 67.1034482758621, 73.84375, 83.1764705882353, 
76.4193548387097, 77.0333333333333, 73.2121212121212, 77.5454545454545, 
82.7575757575758, 76, 82.2692307692308, 77.5161290322581, 70.9655172413793, 
80.5862068965517, 76.8064516129032, 83.875, 87.2592592592593, 
71.7096774193548, 77.3235294117647, 75.5333333333333, 72.4, 74.3548387096774, 
71.375, NaN, 74.1034482758621, 70.258064516129, 73.8484848484848, 
79.2352941176471, 75.5806451612903, 81, 73.448275862069, 77.2142857142857, 
79.1034482758621, 75.7647058823529, 72.40625, 73.7878787878788, 
73.741935483871, 69.21875, 73.03125, 72.2903225806452, 77.7878787878788, 
75.3548387096774, 83.96875, 79.2413793103448, 71.030303030303, 
67.6333333333333, 69.6551724137931, 72.448275862069, 71.2903225806452, 
72.0322580645161, NaN, 80.03125, 69.6875, 72.8709677419355, 69.3793103448276, 
74.3448275862069, 77.7407407407407, 75.9655172413793, NaN, 76.7333333333333, 
79.4827586206897, 73.6923076923077, 77.6451612903226, NaN, NaN, 
69.5483870967742, 75.3870967741936, 64, 76, 76.7741935483871, 
NaN, 72.25, 68.5416666666667, 75.0384615384615, 78.65625, 78.7575757575758, 
74.2758620689655, 74.8529411764706, 79.9677419354839, 72.3225806451613, 
73.6896551724138, 66.4838709677419, 77.1935483870968, 83.1379310344828, 
78.6875, 88.5454545454545, 79.3030303030303, 77.5882352941177, 
NaN, 74.3225806451613, 72.875, 67.8181818181818, 79.0588235294118, 
75.0625, 76.8387096774194, 69.3448275862069, 72.9642857142857, 
67.9393939393939, 76.78125, 74.625, 75.5483870967742, 78.448275862069, 
73.8965517241379, 69.6451612903226, 71.7666666666667, 81.875, 
74.78125, 73.741935483871, 72.4615384615385, 72.78125, 71.8333333333333, 
72.2941176470588, 77.2727272727273, 72.25, 71, 73.9285714285714, 
85.2413793103448, 68.25, 73.0344827586207, 74.0740740740741, 
69.2068965517241, 72, 71.84375, 73.8620689655172, 76.5806451612903, 
71.6551724137931, 76.8064516129032, 65.1153846153846, 70.6, 73.7307692307692, 
74.6451612903226, 78.6451612903226, 72.4838709677419, 66.28, 
73.2258064516129, 68.3928571428571, 78.1538461538462, 74.4666666666667, 
81.6206896551724, 68.9090909090909, 75.4137931034483, 72.7037037037037, 
77.7142857142857, 74.9333333333333, 72.2, 75.8333333333333, 73.8125, 
72.1515151515152, 68.7666666666667, 80.9677419354839, 66.2121212121212, 
72.258064516129, 74.0333333333333, 65.6129032258064, 75.5454545454545, 
72.1071428571429, 75.3939393939394, 72.75, 73.1818181818182, 
72.3571428571429, 76.6551724137931, 76.1470588235294, 71.3870967741936, 
82.8275862068966, 80.46875, 78.9354838709677, 71.9677419354839, 
76.9333333333333, 80.0357142857143, 72.6296296296296, 73.5, 77, 
69.3548387096774, 70.8333333333333, 78.5357142857143, 79.9354838709677, 
73.2758620689655, 71.0689655172414, 72.6875, 74.8518518518518, 
70.1379310344828, 79.0666666666667, 76.3448275862069, 82.6129032258064, 
70.3225806451613, 74.0625, 69.9090909090909, 74.96, 74.3103448275862, 
74.5666666666667, 72.25, 77.9230769230769, 72.5151515151515, 
NaN, 74.0294117647059, 74.9375, 78.1515151515152, 71, 75.34375, 
68.2903225806452, 72.9375, 89.7407407407407, 75.1875, 67.4814814814815, 
76.09375, 75.1290322580645, NaN, NaN, 73.7666666666667, 79.8125, 
85.1212121212121, 76.6774193548387, 73.5, 72.0645161290323, 72.8064516129032, 
74.65625, 73.3225806451613, 71.7741935483871, 71.4642857142857, 
70.258064516129, 77.3333333333333, 68.2258064516129, 74.8620689655172, 
74.5161290322581, 71.5555555555556, 77.5714285714286),