structure(list(team.1 = c(1107L, 1301L, 1142L, 1234L, 1163L, 
1173L, 1107L, 1153L, 1257L, 1276L, 1174L, 1295L, 1140L, 1160L, 
1308L, 1301L, 1393L, 1113L, 1437L, 1110L, 1112L, 1124L, 1166L, 
1211L, 1235L, 1184L, 1243L, 1203L, 1181L, 1314L, 1372L, 1307L, 
1269L, 1409L, 1157L, 1142L, 1163L, 1173L, 1196L, 1257L, 1276L, 
1217L, 1295L, 1332L, 1112L, 1124L, 1235L, 1246L, 1242L, 1273L, 
1372L, 1272L, 1112L, 1173L, 1196L, 1124L, 1163L, 1246L, 1276L, 
1277L, 1173L, 1112L, 1163L, 1246L, 1163L, 1246L, 1163L), team.2 = c(1291L, 
1462L, 1411L, 1397L, 1386L, 1326L, 1196L, 1217L, 1264L, 1459L, 
1277L, 1328L, 1332L, 1338L, 1361L, 1387L, 1444L, 1400L, 1454L, 
1458L, 1451L, 1304L, 1418L, 1329L, 1300L, 1242L, 1246L, 1272L, 
1273L, 1344L, 1433L, 1390L, 1397L, 1417L, 1438L, 1455L, 1437L, 
1393L, 1338L, 1387L, 1400L, 1277L, 1361L, 1458L, 1211L, 1166L, 
1314L, 1455L, 1390L, 1397L, 1417L, 1438L, 1361L, 1390L, 1417L, 
1458L, 1235L, 1257L, 1397L, 1438L, 1196L, 1458L, 1277L, 1276L, 
1196L, 1458L, 1246L), score.diff = c(7L, 15L, 12L, -13L, 8L, 
1L, -12L, -4L, 7L, 17L, -15L, 5L, -19L, -29L, -4L, -3L, 24L, 
-2L, 20L, -40L, 9L, 14L, 10L, 8L, 18L, -11L, -7L, -5L, -7L, 2L, 
2L, -5L, -19L, -17L, -11L, -27L, 12L, 2L, 16L, 15L, 14L, -7L, 
-19L, -8L, 23L, 30L, 2L, 2L, -3L, -20L, -17L, -18L, 6L, 10L, 
11L, -17L, 5L, 5L, 2L, 2L, -10L, -1L, 6L, 3L, 10L, 1L, 6L), team.1.loc = structure(c(1L, 
1L, 1L, 1L, 1L, 1L, 1L, 1L, 1L, 1L, 1L, 1L, 1L, 1L, 1L, 1L, 1L, 
1L, 1L, 1L, 1L, 1L, 1L, 1L, 1L, 1L, 1L, 1L, 1L, 1L, 1L, 1L, 1L, 
1L, 1L, 1L, 1L, 1L, 1L, 1L, 1L, 1L, 1L, 1L, 1L, 1L, 1L, 1L, 1L, 
1L, 1L, 1L, 1L, 1L, 1L, 1L, 1L, 1L, 1L, 1L, 1L, 1L, 1L, 1L, 1L, 
1L, 1L), .Label = "N", class = "factor"), team.1.seed.rank = c(16, 
12, 16, 11, 7, 11, 16, 5, 4, 2, 13, 12, 10, 8, 13, 12, 3, 10, 
2, 15, 1, 6, 3, 8, 3, 15, 9, 9, 3, 6, 12, 7, 6, 13, 16, 16, 7, 
11, 1, 4, 2, 12, 12, 7, 1, 6, 3, 8, 2, 14, 12, 8, 1, 11, 1, 6, 
7, 8, 2, 4, 11, 1, 7, 8, 7, 8, 7), team.1.area = c("X", "Y", 
"Y", "Y", "W", "X", "X", "W", "Y", "Y", "W", "Z", "Z", "X", "Z", 
"Y", "X", "Y", "W", "Z", "Z", "Z", "Z", "Z", "W", "X", "Y", "W", 
"Y", "W", "X", "X", "Y", "X", "W", "Y", "W", "X", "X", "Y", "Y", 
"W", "Z", "Z", "Z", "Z", "W", "Y", "X", "Y", "X", "W", "Z", "X", 
"X", "Z", "W", "Y", "Y", "W", "X", "Z", "W", "Y", "W", "Y", "W"
), team.2.seed.rank = c(16, 12, 16, 11, 10, 6, 1, 12, 13, 15, 
4, 5, 7, 9, 4, 5, 14, 7, 15, 2, 16, 11, 14, 9, 14, 2, 8, 8, 14, 
11, 5, 10, 11, 4, 1, 1, 2, 3, 9, 5, 7, 4, 4, 2, 8, 3, 6, 1, 10, 
11, 4, 1, 4, 10, 4, 2, 3, 4, 11, 1, 1, 2, 4, 2, 1, 2, 8), team.2.area = c("X", 
"Y", "Y", "Y", "W", "X", "X", "W", "Y", "Y", "W", "Z", "Z", "X", 
"Z", "Y", "X", "Y", "W", "Z", "Z", "Z", "Z", "Z", "W", "X", "Y", 
"W", "Y", "W", "X", "X", "Y", "X", "W", "Y", "W", "X", "X", "Y", 
"Y", "W", "Z", "Z", "Z", "Z", "W", "Y", "X", "Y", "X", "W", "Z", 
"X", "X", "Z", "W", "Y", "Y", "W", "X", "Z", "W", "Y", "X", "Z", 
"Y"), diff.ave.score = c(-12.53125, -0.5, -10.5208333333333, 
10.6875, -0.191622103386806, 4.5873440285205, -0.659926470588232, 
-4.23092998955069, 4.43566176470588, 6.24451410658308, 4.11764705882354, 
-6.99553571428571, 3.46212121212122, 1.67647058823529, 9.31024667931689, 
4.24193548387096, -6.10584677419355, 1.71685606060606, 4.41193181818181, 
-8.21685606060606, -2.18487394957982, 5.35288367546433, -2.46725317693058, 
-5.45454545454545, 11.5004887585533, -1.01270772238513, -3.83272058823529, 
-3.98084677419355, 0.634724857685001, 1.99264705882354, -0.286527514231494, 
-1.3030303030303, 4.4375, -7.57932263814617, 6.46470588235294, 
-6.27272727272727, -6.27022058823529, 6.68844696969697, -2.85294117647059, 
11.7713472485768, -1.2121212121212, -2.81541582150101, 7.55184331797236, 
8.68939393939394, -3.53119429590018, -4.21212121212122, 6.86742424242425, 
2.73707664884135, 3.96969696969697, 6.46270161290323, -7.46299810246678, 
12.6518026565465, 4.04554079696395, -1.36363636363636, -12.9411764705882, 
1.96969696969697, -10.9188948306595, -5.35294117647059, 3.38352272727273, 
9.73529411764706, 5.02852049910874, -1.53119429590018, -3.14705882352941, 
0.949197860962556, 3.38235294117648, 2.61586452762923, -3.35294117647058
), diff.ave.fgm = c(-5.28125, 0.850267379679146, -4.84166666666667, 
2.25, 0.105169340463458, 1.77450980392157, -0.632352941176471, 
-0.411703239289448, 4.17647058823529, 1.36572622779519, 0.294117647058826, 
-0.736607142857142, 2.37310606060606, -0.382352941176471, 2.77893738140417, 
2.26375711574953, -0.52923387096774, 0.979166666666668, 1.22916666666667, 
-1.89867424242424, 0.65126050420168, 2.75464320625611, -0.794721407624635, 
-0.757575757575758, 5.74780058651027, -1.19648093841642, -0.963235294117649, 
-2.4616935483871, 0.0142314990512311, 1.58455882352941, -0.297912713472488, 
-0.454545454545457, 1.875, -4.50267379679144, 1.30196078431372, 
-1.69393939393939, -1.03308823529412, 1.92708333333333, -1.38235294117647, 
4.49905123339659, 0.515151515151516, -2.45638945233265, 3.0184331797235, 
2.44507575757576, -0.130124777183603, -1.51515151515151, 2.47159090909091, 
1.36096256684492, 1.27272727272727, 1.30745967741936, -3.12144212523719, 
5.00948766603415, 2.45540796963947, 0.151515151515149, -5.02941176470588, 
1.06060606060606, -4.37967914438503, -3.08823529411764, 1.31723484848485, 
3.58823529411764, 1.95098039215686, 1.05169340463458, -1.8235294117647, 
-0.760249554367199, 1.14705882352941, 0.845811051693406, -0.558823529411764
), diff.ave.fga = c(-5.78125, 2.91889483065954, -6.175, 4.03125, 
2.19340463458111, 1.24064171122995, -0.852941176470587, 3.35527690700104, 
5.22610294117647, 1.92058516196447, 3.35294117647059, -7.53571428571428, 
5.66098484848485, -0.441176470588239, -0.358633776091082, 2.25711574952562, 
1.75504032258065, -1.38257575757576, 2.11837121212121, -5.79356060606061, 
3.87394957983193, 3.83675464320626, -2.66568914956012, -2.63636363636364, 
9.18866080156403, -3.52981427174976, -1.21875, -3.65322580645162, 
0.168880455407965, 2.62683823529412, -3.34440227703985, 1.51515151515152, 
5.34375, -2.81907308377897, 4.65294117647058, -3.89090909090909, 
-1.28860294117647, 0.58806818181818, -1.29411764705883, 5.46299810246679, 
-3.18181818181818, -5.57809330628803, -2.10023041474654, 3.58143939393939, 
1.16399286987522, 0.212121212121211, 2.91950757575758, 1.90909090909091, 
0.909090909090914, 1.76310483870968, -1.87381404174573, 6.7561669829222, 
1.52371916508539, 0.303030303030305, -5.11764705882353, 2.42424242424242, 
-6.95811051693405, -3.88235294117647, 0.919507575757578, 5.5, 
1.32887700534759, 2.98217468805704, -2.02941176470588, 1.42424242424242, 
1.76470588235294, 3.39393939393939, -1.38235294117647), diff.ave.fgm3 = c(0.03125, 
-1.4795008912656, -0.227083333333334, 1.25, -0.584670231729056, 
0.253119429590019, -0.299632352941177, -0.117032392894462, 1.07904411764706, 
2.88610240334378, -1.23529411764706, -3.39285714285714, -0.587121212121212, 
0.735294117647059, 0.311195445920303, -0.98292220113852, -0.501008064516129, 
1.59564393939394, 1.73768939393939, -1.72916666666667, -1.28571428571429, 
1.02443792766373, 3.36070381231671, -0.484848484848485, 3.02737047898338, 
2.87683284457478, 1.32352941176471, 0.528225806451613, -0.410815939278937, 
-1.5625, -0.129032258064516, -0.151515151515151, -0.28125, -1.02673796791444, 
0.894117647058823, -0.481818181818182, -2.04963235294118, 1.07481060606061, 
1.91176470588235, 1.92884250474383, 2.51515151515152, -1.94624746450304, 
0.800691244239631, -0.291666666666667, -1.68181818181818, -2.78787878787879, 
3.63825757575758, -1.67201426024955, -0.393939393939394, 2.35383064516129, 
-0.246679316888045, -0.10910815939279, 0.693548387096774, 0.121212121212122, 
0.0882352941176476, -0.545454545454546, -1.28163992869875, -2.55882352941176, 
2.60700757575758, 1.70588235294118, -0.59982174688057, -2.16666666666667, 
-0.61764705882353, -3.39928698752228, 0.0882352941176467, -2.49019607843137, 
2.11764705882353),