structure(list(team = 1101:1464, ave.score = c(NaN, 67.7407407407407, 
74.71875, 67.40625, 71.3461538461538, 65.7241379310345, 76.3333333333333, 
71.4285714285714, NaN, 68.2903225806452, 74.448275862069, 71.2647058823529, 
68.8709677419355, 68.0666666666667, 71.2727272727273, 78.09375, 
69.9393939393939, NaN, 74.7931034482759, 69.7096774193548, NaN, 
76.7741935483871, 68, 76.4545454545455, 82.5454545454545, 70.8484848484848, 
71.0645161290323, NaN, 73.8965517241379, 70.6129032258064, 69.71875, 
69.4, 72.09375, NaN, 71.7333333333333, 75.7, 71.21875, 74.1785714285714, 
66.7272727272727, 81.6129032258064, 69.4838709677419, 68.0967741935484, 
74.6666666666667, 79.258064516129, 77.0333333333333, 83.8461538461538, 
NaN, 76.6551724137931, 80.0357142857143, 72.9, 74.7586206896552, 
78.8928571428571, 70.6176470588235, 74.1071428571429, 67.7096774193548, 
68.2258064516129, 73.1923076923077, 74.4516129032258, 74.9666666666667, 
70.4375, 76.0645161290323, 67.6071428571429, 72.0909090909091, 
80.7037037037037, 70.8888888888889, 81.6363636363636, 74.551724137931, 
78.75, 77.4615384615385, 74.7692307692308, 65, 79.8064516129032, 
75.3125, 72.9677419354839, 70.1481481481482, 69.6774193548387, 
81.2258064516129, 73.8484848484848, 73.3870967741936, 66.4848484848485, 
79.1818181818182, 78.3, 72.2592592592593, 71.5333333333333, 61.6774193548387, 
76.7, 71.9259259259259, 74.96, 76, 71.2666666666667, 78.4, 73.2068965517241, 
68, 70.8965517241379, 77.7096774193548, 79.030303030303, 75.4838709677419, 
69.5357142857143, 73.0909090909091, 74.1379310344828, 70.2903225806452, 
70.448275862069, 70.3225806451613, 71.5, 69.7666666666667, 72.6969696969697, 
70.7333333333333, 67.53125, 69.875, 67.7096774193548, 75.5806451612903, 
71.9642857142857, NaN, 70.3030303030303, NaN, 70.1935483870968, 
66.0689655172414, 79.3666666666667, 75.3103448275862, 71.9375, 
72.1034482758621, 76.9655172413793, 81.0740740740741, 71.8333333333333, 
72.1724137931034, 74.8965517241379, 69.8928571428571, 70.0625, 
72.5454545454545, NaN, 79.5454545454545, 69.6774193548387, 84.8125, 
79.030303030303, 75.625, 77.9310344827586, 77.1666666666667, 
67.2, 74.6666666666667, 68.8, 72.65625, 76.3333333333333, 73.6129032258064, 
76.4666666666667, 73.0645161290323, 76.9117647058823, 75.030303030303, 
77.1612903225806, 76.40625, 77.09375, 74.3793103448276, 78.4, 
75.5483870967742, 85.1818181818182, 87.1851851851852, 73.90625, 
70.9714285714286, 72.4137931034483, 70.75, 65.7586206896552, 
69.9375, NaN, 73.1428571428571, 74.875, 77.6875, 78.3125, 73.3636363636364, 
75.03125, 80.5151515151515, 72.0344827586207, 71.8620689655172, 
76.5882352941177, 70.96875, 74.3548387096774, 65.9655172413793, 
69.875, 73.4117647058823, 71.2727272727273, 71.1818181818182, 
74.125, 81.2941176470588, 75, 69.6451612903226, 79.71875, 73.4137931034483, 
75.6296296296296, 67.2, 72.6896551724138, NaN, 75.7878787878788, 
69.9310344827586, 72.8666666666667, 74.3571428571429, 79.1538461538462, 
76, 68.9333333333333, NaN, 67.2142857142857, 77.5862068965517, 
71.0357142857143, 76.4705882352941, NaN, 85.0625, 69.7666666666667, 
72.6774193548387, 66.3214285714286, 74.46875, 79.3333333333333, 
NaN, 77.6666666666667, 81.6071428571429, 75.8214285714286, 73.1875, 
83.3823529411765, 73.3703703703704, 75.7741935483871, 73.6206896551724, 
69, 74.0740740740741, 68.741935483871, 74.4516129032258, 76.4827586206897, 
70.8181818181818, 84.741935483871, 71.6363636363636, 76, NaN, 
75.3548387096774, 73.75, 68.7878787878788, 74.3030303030303, 
74.8709677419355, 82.3125, 70.5, 68.8387096774194, 70.25, 69.6428571428571, 
73.2727272727273, 77.7666666666667, 79.6, 70.4827586206897, 70.1428571428571, 
68.3928571428571, 75.1875, 76.0606060606061, 73.6451612903226, 
70.9333333333333, 77.6129032258064, 72.4827586206897, 74.4375, 
79.03125, 71.5882352941177, 71.3125, 79.8275862068966, 79.15625, 
72.6666666666667, 77.03125, 65.2857142857143, 72.0357142857143, 
74.7241379310345, 71.8064516129032, 78.741935483871, 75.6666666666667, 
76.4642857142857, 78.6785714285714, 68.1, 74.7333333333333, 65.6153846153846, 
75.4137931034483, 81.76, 72.875, 62.5357142857143, 69.9677419354839, 
64.2666666666667, 73, 68.4838709677419, 78.7692307692308, 63.59375, 
72.4516129032258, 68.3571428571429, 71.9655172413793, 73.9354838709677, 
74.1666666666667, 71.448275862069, 74.9375, 75.0606060606061, 
70.5483870967742, 76.0666666666667, 70.6774193548387, 73.375, 
81.3928571428571, 69.2333333333333, 74.9393939393939, 68.1666666666667, 
76.1666666666667, 77.9677419354839, 72.4838709677419, 72, 76.5333333333333, 
76.030303030303, 67.3548387096774, 81.3846153846154, 71.3870967741936, 
75.551724137931, 72.1875, 69.875, 79.037037037037, 69.6896551724138, 
70.3870967741936, 72, 69.9090909090909, 66.0645161290323, 75.1333333333333, 
75.8275862068966, 65.3793103448276, 69.2666666666667, 71.75, 
72.8666666666667, 73.2142857142857, 78.0666666666667, 81.5, 79.8387096774194, 
73.0645161290323, 78.15625, 62.03125, 78.5806451612903, 74.6333333333333, 
71.5666666666667, 70.6129032258064, 72.7857142857143, 68.3125, 
NaN, 69.7058823529412, 72.5483870967742, 75.0294117647059, 69.4117647058823, 
76.4375, 64.6451612903226, 68.3333333333333, 84.8, 75.5454545454545, 
65.4, 70.7575757575758, 75.1818181818182, NaN, NaN, 74.9677419354839, 
74.3870967741936, 78.3225806451613, 73.5666666666667, 78.8928571428571, 
75.1875, 69.5714285714286, 68.40625, 77.8387096774194, 71.8387096774194, 
68.7, 66.0606060606061, 69.3666666666667, 65.7741935483871, 65.6896551724138, 
74.3333333333333, 70.9615384615385, 72.2413793103448),