structure(list(team = 1101:1464, ave.score = c(NaN, 75.4642857142857, 
73.5161290322581, 65.53125, 73.2758620689655, 72.4516129032258, 
67.6176470588235, 69.5625, NaN, 66.9333333333333, 76.9310344827586, 
74.96875, 73.969696969697, 73.4193548387097, 72.7, 79.03125, 
72.0333333333333, NaN, 76.1, 72.65625, NaN, 80.0689655172414, 
72.1379310344828, 76.5806451612903, 78.9333333333333, 72.1875, 
70.3103448275862, NaN, 74.448275862069, 72.0909090909091, 71.551724137931, 
68.7666666666667, 73.65625, NaN, 69.0740740740741, 78.9666666666667, 
67.90625, 71.40625, 71.4848484848485, 79.7096774193548, 74.8333333333333, 
69.1034482758621, 71.3225806451613, 76.8333333333333, 76.8387096774194, 
81.2857142857143, NaN, 80.0666666666667, 74.25, 73.4375, 76.3333333333333, 
72.5, 69.4848484848485, 76.7142857142857, 67.8387096774194, 74.8275862068966, 
70.9230769230769, 69.2121212121212, 73.5625, 71.59375, 74.3225806451613, 
66.3846153846154, 72.3333333333333, 72.9677419354839, 73.3, 77.0882352941177, 
73.1538461538462, 80.4, 78.9310344827586, 68.3333333333333, 69.5185185185185, 
75.25, 74.6451612903226, 73.2424242424242, 67.7096774193548, 
68.1666666666667, 80.40625, 79.8666666666667, 77.0322580645161, 
66.8064516129032, 79.875, 77.4666666666667, 68.741935483871, 
75.7741935483871, 63.4516129032258, 77.2903225806452, 79.2692307692308, 
70.36, 71.4, 74, 70.4193548387097, 80.4838709677419, 64.8529411764706, 
71.5806451612903, 76, 72.6666666666667, 74, 73.5625, 73.6666666666667, 
77.0645161290323, 64.1071428571429, 72.5172413793103, 71.5333333333333, 
69.3225806451613, 67.1, 69.875, 66.3548387096774, 65.78125, 72.2333333333333, 
69.7741935483871, 77.1875, 76.3571428571429, NaN, 66.2903225806452, 
NaN, 65.4333333333333, 71.5555555555556, 77.5666666666667, 73.5357142857143, 
68.1290322580645, 67.9, 80.9, 71.25, 62.3103448275862, 72.6206896551724, 
66.8275862068966, 68.3870967741936, 73.030303030303, 78.1515151515152, 
NaN, 81.030303030303, 70.2258064516129, 82.3939393939394, 73.4545454545455, 
82.6666666666667, 71.4516129032258, 79.6, 75.9310344827586, 75.1, 
69.4230769230769, 69.8823529411765, 76.6764705882353, 71.1818181818182, 
72.2333333333333, 74.21875, 77.3125, 75.5, 75.2727272727273, 
77.6451612903226, 76.6551724137931, 74.375, 81.3448275862069, 
75.9, 83.6363636363636, 83.5806451612903, 74.2903225806452, 74.1764705882353, 
71.3125, 70.34375, 68.3333333333333, 75.1290322580645, NaN, 72.8275862068966, 
64, 74.5806451612903, 71.4838709677419, 77.3548387096774, 74, 
76.59375, 74.2142857142857, 69.5714285714286, 76.8235294117647, 
69.40625, 71.5151515151515, 71.8, 76.03125, 68.9375, 72.28125, 
79.6470588235294, 73.875, 78.969696969697, 72.1935483870968, 
67.2258064516129, 75.8709677419355, 73, 75.9285714285714, 77.2258064516129, 
71.46875, NaN, 76.1071428571429, 76.5625, 72.7878787878788, 74.3793103448276, 
74.7931034482759, 69.6774193548387, 64.4137931034483, 65.2222222222222, 
64.0666666666667, 67.0882352941177, 66.3928571428571, 79.6470588235294, 
NaN, 84.7931034482759, 67.2727272727273, 74.7, 65.9642857142857, 
68.9117647058823, 70.6060606060606, 79.7727272727273, 77.5, 75.7, 
70.96, 70.96875, 80.3030303030303, 73.5333333333333, 75.3225806451613, 
73.3333333333333, 72.46875, 77.46875, 68.5483870967742, 69.875, 
80.9259259259259, 73.4411764705882, 78.8, 76.3939393939394, 71.4848484848485, 
NaN, 74.1290322580645, 74.21875, 72.7666666666667, 73.741935483871, 
74.1470588235294, 75.75, 70.625, 70.4516129032258, 71, 70.3793103448276, 
71.1875, 70.7333333333333, 76.1538461538462, 70.1935483870968, 
73.2413793103448, 67.1481481481482, 70.7741935483871, 72.15625, 
75.3870967741936, 70.8275862068966, 69.3793103448276, 72.7241379310345, 
75.15625, 68.5625, 74.4848484848485, 70.4838709677419, 72, 75.2258064516129, 
68.6333333333333, 78.0344827586207, 67.6451612903226, 69.258064516129, 
69.875, 70.5666666666667, 73.8965517241379, 71.7857142857143, 
70.7241379310345, 77.2, 59.5483870967742, 74.9354838709677, 72.2413793103448, 
78.258064516129, 73.1379310344828, 70.8181818181818, 63.8148148148148, 
69.84375, 68.3548387096774, 72.1071428571429, 73.5, 78.2857142857143, 
66.6129032258064, 74.59375, 69.3103448275862, 75.3793103448276, 
77.8620689655172, 75.7666666666667, 73.7586206896552, 71.1935483870968, 
71.6451612903226, 70.3333333333333, 76.8125, 67.3, 74.34375, 
77, 68.4666666666667, 73.7428571428571, 69.5357142857143, 64.741935483871, 
74.84375, 69.65625, 76.7666666666667, 72.5555555555556, 71.15625, 
67.7878787878788, 78.6060606060606, 77.2258064516129, 79.0357142857143, 
73.9285714285714, 71.7666666666667, 68.969696969697, 72.84375, 
73.3870967741936, 71.3928571428571, 75.7096774193548, 76.46875, 
76.4193548387097, 71, 67.2857142857143, 74.8275862068966, 77.2058823529412, 
78.0625, 73.7777777777778, 73.7666666666667, 74.7931034482759, 
78.8965517241379, 73.3793103448276, 73.0606060606061, 71.84375, 
69.28125, 73.375, 68.5806451612903, 71.2666666666667, 72.3928571428571, 
68.1875, NaN, 79.1470588235294, 73.375, 66.5757575757576, 66.4375, 
71.875, 66.34375, 79.28125, 84.1785714285714, 73.1612903225806, 
59.6428571428571, 71.8529411764706, 70.8709677419355, NaN, NaN, 
73.4516129032258, 74.6451612903226, 71.2424242424242, 69.4375, 
74.4, 73.03125, 69.53125, 73.2666666666667, 70.9411764705882, 
73.2758620689655, 65.8928571428571, 68.4411764705882, 64.3225806451613, 
64.8125, 65.7666666666667, 67.6451612903226, 70.7931034482759, 
74.6206896551724),