structure(list(team.1 = c(1155L, 1114L, 1106L, 1425L, 1139L, 
1140L, 1153L, 1137L, 1196L, 1211L, 1243L, 1246L, 1257L, 1338L, 
1350L, 1294L, 1336L, 1277L, 1155L, 1125L, 1112L, 1181L, 1199L, 
1206L, 1228L, 1131L, 1266L, 1276L, 1254L, 1103L, 1326L, 1345L, 
1232L, 1324L, 1207L, 1208L, 1139L, 1140L, 1153L, 1196L, 1246L, 
1287L, 1361L, 1243L, 1112L, 1181L, 1199L, 1228L, 1266L, 1314L, 
1206L, 1345L, 1112L, 1139L, 1163L, 1140L, 1242L, 1246L, 1266L, 
1199L, 1139L, 1112L, 1246L, 1242L, 1139L, 1163L, 1139L), team.2 = c(1412L, 
1421L, 1427L, 1433L, 1330L, 1459L, 1281L, 1163L, 1364L, 1385L, 
1429L, 1343L, 1287L, 1421L, 1435L, 1361L, 1396L, 1417L, 1452L, 
1458L, 1272L, 1214L, 1401L, 1437L, 1424L, 1242L, 1462L, 1397L, 
1314L, 1323L, 1427L, 1389L, 1393L, 1400L, 1433L, 1449L, 1338L, 
1211L, 1163L, 1417L, 1452L, 1350L, 1396L, 1458L, 1400L, 1276L, 
1323L, 1242L, 1393L, 1449L, 1326L, 1433L, 1181L, 1458L, 1361L, 
1196L, 1350L, 1326L, 1314L, 1433L, 1196L, 1163L, 1314L, 1433L, 
1433L, 1246L, 1163L), score.diff = c(18L, -4L, -9L, -13L, 2L, 
8L, 15L, -29L, 28L, 15L, 5L, 2L, -1L, 23L, 3L, -18L, -2L, -2L, 
-8L, -14L, 2L, 42L, 7L, 4L, 11L, -19L, 11L, 30L, -15L, -13L, 
29L, 22L, -17L, -4L, -18L, -3L, 1L, 22L, -11L, 8L, 8L, -17L, 
7L, -5L, 1L, 2L, 14L, -14L, 4L, 3L, -32L, -18L, 16L, 7L, 7L, 
-9L, 20L, 2L, -18L, -1L, 3L, -2L, 7L, -10L, 8L, 1L, -12L), team.1.loc = structure(c(1L, 
1L, 1L, 1L, 1L, 1L, 1L, 1L, 1L, 1L, 1L, 1L, 1L, 1L, 1L, 1L, 1L, 
1L, 1L, 1L, 1L, 1L, 1L, 1L, 1L, 1L, 1L, 1L, 1L, 1L, 1L, 1L, 1L, 
1L, 1L, 1L, 1L, 1L, 1L, 1L, 1L, 1L, 1L, 1L, 1L, 1L, 1L, 1L, 1L, 
1L, 1L, 1L, 1L, 1L, 1L, 1L, 1L, 1L, 1L, 1L, 1L, 1L, 1L, 1L, 1L, 
1L, 1L), .Label = "N", class = "factor"), team.1.seed.rank = c(12, 
16, 16, 11, 8, 3, 6, 14, 2, 11, 5, 4, 4, 1, 12, 15, 10, 10, 12, 
13, 5, 1, 10, 8, 9, 16, 11, 8, 15, 15, 1, 3, 14, 13, 6, 10, 8, 
3, 6, 2, 4, 13, 2, 5, 5, 1, 10, 9, 11, 2, 8, 3, 5, 8, 3, 3, 1, 
4, 11, 10, 8, 5, 4, 1, 8, 3, 8), team.1.area = c("W", "Y", "W", 
"Z", "Y", "Y", "X", "X", "Y", "Y", "Y", "W", "Z", "Y", "Z", "X", 
"X", "Y", "W", "Y", "X", "X", "Z", "W", "Z", "Z", "W", "X", "W", 
"Z", "W", "Z", "W", "X", "Z", "W", "Y", "Y", "X", "Y", "W", "Z", 
"X", "Y", "X", "X", "Z", "Z", "W", "W", "W", "Z", "X", "Y", "X", 
"Y", "Z", "W", "W", "Z", "Y", "X", "W", "Z", "Y", "X", "Y"), 
    team.2.seed.rank = c(12, 16, 16, 11, 9, 14, 11, 3, 15, 6, 
    12, 13, 13, 16, 5, 2, 7, 7, 5, 4, 12, 16, 7, 9, 8, 1, 6, 
    9, 2, 2, 16, 14, 3, 4, 11, 7, 1, 11, 3, 7, 5, 12, 7, 4, 4, 
    8, 2, 1, 3, 7, 1, 11, 1, 4, 2, 2, 12, 1, 2, 11, 2, 3, 2, 
    11, 11, 4, 3), team.2.area = c("W", "Y", "W", "Z", "Y", "Y", 
    "X", "X", "Y", "Y", "Y", "W", "Z", "Y", "Z", "X", "X", "Y", 
    "W", "Y", "X", "X", "Z", "W", "Z", "Z", "W", "X", "W", "Z", 
    "W", "Z", "W", "X", "Z", "W", "Y", "Y", "X", "Y", "W", "Z", 
    "X", "Y", "X", "X", "Z", "Z", "W", "W", "W", "Z", "X", "Y", 
    "X", "Y", "Z", "W", "W", "Z", "Y", "X", "W", "Z", "Z", "W", 
    "X"), diff.ave.score = c(-0.739583333333329, -4.22361546499477, 
    -4.09159482758621, -4.12032085561498, 7.0850439882698, 5.51515151515152, 
    -11.8172348484848, -2.48051948051948, 1.64785788923719, 4.65625, 
    4.16935483870968, 5.77878787878788, 6.03320683111954, -1.71982758620689, 
    -5.85739750445633, 2.50107758620689, -4.81060606060606, 0.34375, 
    -1.97076612903226, 10.9184060721063, 3.11764705882352, 13.7571157495256, 
    1, -0.28125, -0.03125, -14.2647058823529, 4.71916508538899, 
    -3.96306818181819, 5.11742424242425, -4.56985294117646, 3.27789046653145, 
    8.56912878787878, -5.17045454545455, 12.3983957219251, 0.454459203036052, 
    -13.8087121212121, 0.278225806451616, 4.37973484848484, -3.41991341991341, 
    0.615530303030297, 5.48093841642229, -1.00379506641366, -0.90625, 
    6.16129032258064, 2.73529411764706, 12.9577205882353, -6.30040322580645, 
    -9.14522058823529, 3.68983957219251, -6.36363636363637, -2.52573529411765, 
    0.751838235294116, -3.29411764705883, 4.64516129032258, 3.72767857142857, 
    9.54545454545455, 10.8823529411765, -0.0427807486631053, 
    0.477718360071307, -1.64231499051233, 1.60019550342132, 3.31092436974789, 
    -1.2121212121212, 9.14705882352941, 0.873814041745732, -1.97402597402598, 
    -0.668202764976954), diff.ave.fgm = c(-1.38333333333333, 
    -3.1055381400209, -1.77370689655172, -1.22281639928699, 1.02737047898338, 
    1.03030303030303, -5.2092803030303, -1.5965367965368, 3.1055381400209, 
    2.3125, 1.46572580645161, 1.78787878787879, 3.15370018975332, 
    -0.495689655172413, -0.35204991087344, -2.80172413793104, 
    -2.36647727272727, -0.84375, -0.991935483870968, 2.96489563567362, 
    0.176470588235293, 6.11385199240987, 0.129032258064516, 1.46875, 
    0.125, -6.97058823529412, 3.24667931688805, -0.371212121212121, 
    -0.257575757575758, 0.0110294117647065, 3.14908722109534, 
    3.40151515151515, -3.87310606060606, 3.67379679144385, 0.611005692599619, 
    -5.36174242424243, -0.673387096774192, 0.838068181818183, 
    -1.96017316017316, 0.891098484848484, 2.04594330400782, -1.3595825426945, 
    0.15625, 1.83870967741935, -0.852941176470587, 4.07352941176471, 
    -1.45766129032258, -3.42463235294118, 1.05704099821747, -1.66666666666667, 
    -1.61029411764706, 0.602941176470587, -2.44117647058824, 
    1.38709677419355, 0.407142857142858, 1.6969696969697, 4.08823529411765, 
    -0.947415329768269, -0.639928698752229, -1.29222011385199, 
    -1.03323558162268, -0.274789915966387, -1.96969696969697, 
    4.05882352941176, -0.195445920303605, -0.130735930735931, 
    -1.20552995391705), diff.ave.fga = c(-4.10833333333333, -5.61546499477534, 
    -3.5, -3.90998217468805, 0.582600195503417, 8.12121212121212, 
    -8.67613636363637, -4.47619047619048, 7.27795193312435, 4.5, 
    3.64717741935484, 4.67878787878788, 8.84440227703985, -0.733836206896555, 
    -3.59447415329768, -4.86314655172414, -6.49337121212121, 
    -0.0625, -3.00403225806452, 6.03605313092979, -1.35294117647059, 
    5.02277039848197, 3.3225806451613, 0.3125, 0.25, -4.29411764705882, 
    4.42599620493359, -3.10132575757576, -2.00378787878788, 1.92095588235294, 
    1.91176470588236, 4.20265151515152, -4.64015151515152, 2.7192513368984, 
    -2.58349146110056, -8.57859848484848, -0.480846774193552, 
    5.17897727272727, -6.50649350649351, 2.76609848484848, 3.08308895405669, 
    -2.52087286527514, 0.375, 4.45161290322581, -3.5, 8.10845588235294, 
    0.559475806451616, -2.15073529411764, 0.749554367201426, 
    -1.60606060606061, -1.97426470588236, 0.716911764705884, 
    -5.52941176470588, 3.35483870967742, 2.48660714285715, 4.78787878787879, 
    3.47058823529412, 1.30035650623886, -4.61408199643493, -1.0673624288425, 
    -1.87194525904204, -4.90756302521009, -4.66666666666666, 
    1.11764705882353, -1.35768500948767, 1.93073593073593, -4.5299539170507
    ),